0 0.419253 0.573605 0.123278 0.138066
3 0.273906 0.616452 0.053138 0.105273
0 0.800301 0.187721 0.053638 0.110426
0 0.763107 0.068530 0.077116 0.090103
0 0.459833 0.708081 0.091714 0.057372
0 0.332394 0.384689 0.052834 0.109468
0 0.555979 0.291193 0.052834 0.109468
0 0.262648 0.766910 0.190898 0.275414
0 0.566809 0.646853 0.079527 0.092977
0 0.719400 0.448481 0.245087 0.196447
41 0.721641 0.221830 0.052834 0.109468
0 0.647686 0.251559 0.053638 0.110426
0 0.095044 0.482422 0.053638 0.110426
19 0.376654 0.231797 0.077116 0.090103
0 0.176279 0.453591 0.053638 0.110426
0 0.685489 0.099411 0.077116 0.090103
0 0.760998 0.581332 0.091714 0.057372
0 0.057917 0.361212 0.077116 0.090103
0 0.488719 0.316494 0.052834 0.109468
0 0.133889 0.327047 0.077116 0.090103
0 0.530369 0.168290 0.077116 0.090103
0 0.453707 0.196777 0.077116 0.090103
0 0.213037 0.292333 0.077116 0.090103
6 0.878141 0.515002 0.070304 0.082894
0 0.295314 0.260275 0.077116 0.090103
0 0.410289 0.352496 0.053638 0.110426
0 0.253504 0.416905 0.052834 0.109468
0 0.606177 0.130214 0.077116 0.090103
