0 0.392447 0.521860 0.120167 0.142968
0 0.234099 0.468884 0.040790 0.119690
39 0.916657 0.378047 0.042390 0.130211
0 0.932790 0.230949 0.074379 0.094404
0 0.372826 0.687877 0.099004 0.046031
0 0.391943 0.268627 0.040848 0.128192
45 0.644911 0.323396 0.040848 0.128192
0 0.162134 0.616441 0.173031 0.303370
1 0.499724 0.696374 0.076692 0.097432
0 0.728440 0.593872 0.255432 0.180399
0 0.831749 0.360860 0.041619 0.129201
0 0.745617 0.342525 0.041619 0.129201
0 0.126768 0.210429 0.041619 0.129201
0 0.497959 0.137071 0.074379 0.094404
0 0.215541 0.235116 0.041619 0.129201
0 0.846536 0.210804 0.074379 0.094404
0 0.710474 0.758894 0.099004 0.046031
9 0.143936 0.060421 0.074379 0.094404
0 0.568238 0.303008 0.040848 0.128192
0 0.230053 0.076074 0.074379 0.094404
0 0.671080 0.177936 0.074379 0.094404
18 0.586510 0.152336 0.074379 0.094404
24 0.319603 0.091547 0.074379 0.094404
0 0.849896 0.768206 0.067650 0.087064
0 0.410532 0.115342 0.074379 0.094404
0 0.479021 0.287604 0.041619 0.129201
29 0.303919 0.249006 0.040848 0.128192
14 0.760424 0.186670 0.074379 0.094404
