54 0.396742 0.559351 0.118616 0.145073
3 0.224502 0.561903 0.035394 0.124140
0 0.893186 0.228519 0.037001 0.137428
7 0.882913 0.070039 0.073322 0.096290
0 0.409589 0.739853 0.101795 0.041066
0 0.346410 0.297092 0.036243 0.136397
0 0.607541 0.265088 0.036243 0.136397
51 0.191331 0.825340 0.166157 0.315622
0 0.538279 0.704354 0.075597 0.099385
0 0.747094 0.517826 0.259384 0.173374
0 0.804755 0.239364 0.037001 0.137428
0 0.714939 0.250387 0.037001 0.137428
33 0.068249 0.325570 0.037760 0.138460
0 0.426701 0.123214 0.073322 0.096290
31 0.162825 0.327729 0.037760 0.138460
0 0.790095 0.078118 0.073322 0.096290
37 0.761510 0.695749 0.101795 0.041066
10 0.057283 0.167180 0.073322 0.096290
47 0.531774 0.271935 0.036243 0.136397
0 0.146557 0.153372 0.073322 0.096290
16 0.606346 0.106398 0.073322 0.096290
0 0.519291 0.111836 0.073322 0.096290
0 0.239363 0.140064 0.073322 0.096290
0 0.902897 0.656723 0.066625 0.088892
0 0.334922 0.131159 0.073322 0.096290
49 0.439889 0.288454 0.036243 0.136397
29 0.254448 0.307439 0.036243 0.136397
0 0.698002 0.086579 0.073322 0.096290
