0 0.394704 0.511779 0.121288 0.141013
3 0.240654 0.449419 0.043427 0.110295
0 0.909585 0.420325 0.046092 0.121761
0 0.932535 0.283257 0.075376 0.092693
0 0.367596 0.665451 0.096249 0.050512
0 0.406560 0.274923 0.045309 0.120772
45 0.649043 0.346520 0.045309 0.120772
51 0.154283 0.655602 0.179644 0.292280
0 0.490160 0.683620 0.077725 0.095659
55 0.716807 0.606189 0.251484 0.186727
0 0.828283 0.396606 0.046092 0.121761
0 0.745705 0.372521 0.046092 0.121761
0 0.152414 0.199137 0.046092 0.121761
19 0.516802 0.163714 0.075376 0.092693
0 0.237241 0.229374 0.046092 0.121761
0 0.849927 0.257469 0.075376 0.092693
0 0.691352 0.759064 0.096249 0.050512
9 0.176364 0.060237 0.075376 0.092693
47 0.573963 0.319922 0.045309 0.120772
26 0.260696 0.080163 0.075376 0.092693
0 0.681494 0.212598 0.075376 0.092693
0 0.600844 0.185253 0.075376 0.092693
0 0.344797 0.105108 0.075376 0.092693
5 0.826796 0.778381 0.068618 0.085405
0 0.432046 0.133074 0.075376 0.092693
49 0.491894 0.302340 0.045309 0.120772
29 0.322212 0.249484 0.045309 0.120772
13 0.764086 0.232873 0.075376 0.092693
