53 0.407195 0.567854 0.121342 0.141660
3 0.251046 0.587932 0.045043 0.117615
0 0.849693 0.208038 0.044819 0.123869
8 0.822980 0.068096 0.075121 0.093182
0 0.433147 0.723898 0.097090 0.049252
0 0.339792 0.341076 0.044039 0.122874
45 0.580650 0.278055 0.044039 0.122874
52 0.208319 0.677834 0.177811 0.295430
2 0.551679 0.675481 0.077461 0.096166
0 0.734160 0.483008 0.252741 0.184957
0 0.767208 0.229338 0.044819 0.123869
43 0.683163 0.249330 0.045599 0.124863
33 0.079901 0.403096 0.045599 0.124863
0 0.402151 0.176811 0.075121 0.093182
0 0.169282 0.389004 0.044819 0.123869
0 0.741074 0.088814 0.075121 0.093182
0 0.761337 0.638299 0.097090 0.049252
9 0.057467 0.264606 0.075121 0.093182
0 0.510436 0.293973 0.044039 0.122874
26 0.141480 0.238176 0.075121 0.093182
15 0.573083 0.135648 0.075121 0.093182
17 0.489695 0.157616 0.075121 0.093182
0 0.226940 0.216522 0.075121 0.093182
0 0.891561 0.585083 0.068369 0.085879
0 0.316290 0.195992 0.075121 0.093182
0 0.424607 0.319593 0.044819 0.123869
0 0.253942 0.362404 0.044039 0.122874
0 0.654957 0.108493 0.075121 0.093182
