0 0.410728 0.568994 0.121645 0.140502
0 0.254881 0.598302 0.045963 0.111202
0 0.835312 0.201883 0.047362 0.119780
0 0.807319 0.068697 0.075682 0.092242
0 0.440889 0.719083 0.095511 0.051716
27 0.337768 0.353048 0.046575 0.118796
45 0.578098 0.282165 0.046575 0.118796
0 0.233254 0.757275 0.181560 0.289336
0 0.556048 0.666778 0.078042 0.095193
0 0.729832 0.472524 0.250467 0.188437
0 0.754806 0.226331 0.047362 0.119780
43 0.673350 0.252745 0.046575 0.118796
33 0.087019 0.432171 0.046575 0.118796
0 0.394148 0.192965 0.075682 0.092242
0 0.171384 0.408623 0.047362 0.119780
0 0.724925 0.092054 0.075682 0.092242
37 0.761179 0.620992 0.095511 0.051716
0 0.057698 0.293955 0.075682 0.092242
47 0.506194 0.301027 0.046575 0.118796
25 0.137810 0.269211 0.075682 0.092242
0 0.559646 0.146450 0.075682 0.092242
17 0.479693 0.170308 0.075682 0.092242
0 0.222977 0.239559 0.075682 0.092242
6 0.887222 0.564489 0.068914 0.084968
21 0.310177 0.216809 0.075682 0.092242
0 0.420478 0.329594 0.047362 0.119780
0 0.253871 0.378962 0.046575 0.118796
0 0.640797 0.115109 0.075682 0.092242
