0 0.397002 0.502035 0.122505 0.139166
3 0.250741 0.430376 0.047550 0.103970
39 0.902344 0.461079 0.049963 0.113634
8 0.930603 0.331861 0.076444 0.091066
0 0.362107 0.643818 0.093430 0.054859
27 0.422282 0.279941 0.049963 0.113634
0 0.651145 0.367184 0.049963 0.113634
0 0.171694 0.548083 0.186590 0.281644
0 0.480223 0.671343 0.078831 0.093974
0 0.704820 0.618129 0.247493 0.192901
0 0.824827 0.431137 0.050758 0.114604
0 0.745905 0.401485 0.050758 0.114604
0 0.178895 0.188129 0.050758 0.114604
0 0.534159 0.182927 0.076444 0.091066
31 0.261015 0.220995 0.049963 0.113634
11 0.856667 0.299591 0.076444 0.091066
0 0.671577 0.759305 0.093430 0.054859
9 0.209900 0.059929 0.076444 0.091066
0 0.583549 0.338887 0.049963 0.113634
26 0.290758 0.085831 0.076444 0.091066
0 0.692390 0.246027 0.076444 0.091066
17 0.615390 0.216682 0.076444 0.091066
0 0.371113 0.116419 0.076444 0.091066
5 0.802147 0.789010 0.069654 0.083827
22 0.454944 0.149107 0.076444 0.091066
0 0.501444 0.311305 0.050758 0.114604
29 0.341131 0.249870 0.049963 0.113634
0 0.773407 0.269957 0.076444 0.091066
