53 0.393219 0.517942 0.120983 0.142129
0 0.238621 0.459805 0.042631 0.116550
39 0.913391 0.397459 0.044440 0.126716
0 0.932583 0.255436 0.074821 0.093601
35 0.370531 0.679137 0.097719 0.048127
27 0.399187 0.270398 0.042887 0.124716
0 0.644290 0.332746 0.042887 0.124716
0 0.164389 0.600167 0.176031 0.298172
1 0.495334 0.690400 0.077150 0.096600
0 0.723053 0.599634 0.253567 0.183356
0 0.830090 0.377593 0.043664 0.125716
43 0.745359 0.358248 0.042887 0.124716
33 0.139103 0.208752 0.042887 0.124716
20 0.504910 0.144676 0.074821 0.093601
0 0.225562 0.232436 0.043664 0.125716
0 0.848021 0.232651 0.074821 0.093601
0 0.701653 0.758967 0.097719 0.048127
0 0.158896 0.060346 0.074821 0.093601
47 0.569830 0.310245 0.042887 0.124716
26 0.245038 0.076988 0.074821 0.093601
0 0.675825 0.194166 0.074821 0.093601
0 0.593204 0.169677 0.074821 0.093601
23 0.330844 0.100512 0.074821 0.093601
0 0.838860 0.773253 0.068080 0.086285
21 0.419915 0.124832 0.074821 0.093601
49 0.482100 0.290605 0.044440 0.126716
29 0.312357 0.249236 0.042887 0.124716
0 0.761950 0.208627 0.074821 0.093601
