54 0.395505 0.508895 0.121233 0.140468
3 0.249115 0.445502 0.047124 0.114202
0 0.908085 0.429123 0.047088 0.120154
0 0.932524 0.294400 0.075604 0.092307
35 0.366415 0.658976 0.095649 0.051449
27 0.410333 0.275221 0.046302 0.119169
0 0.647599 0.349899 0.046302 0.119169
51 0.154501 0.646942 0.181127 0.289857
0 0.488041 0.680871 0.077962 0.095260
56 0.714253 0.608774 0.250636 0.188023
0 0.827550 0.404209 0.047088 0.120154
0 0.745751 0.378912 0.047088 0.120154
0 0.158057 0.196817 0.047088 0.120154
0 0.519647 0.165474 0.075604 0.092307
31 0.243266 0.225248 0.046302 0.119169
0 0.850716 0.267422 0.075604 0.092307
0 0.687137 0.759036 0.095649 0.051449
9 0.183512 0.060307 0.075604 0.092307
47 0.575657 0.323825 0.046302 0.119169
25 0.263807 0.084728 0.075604 0.092307
15 0.685554 0.219706 0.075604 0.092307
0 0.603976 0.191541 0.075604 0.092307
0 0.350407 0.107712 0.075604 0.092307
5 0.821543 0.780624 0.068840 0.085032
0 0.436804 0.136924 0.075604 0.092307
49 0.490629 0.299642 0.047874 0.121138
0 0.326244 0.249647 0.046302 0.119169
0 0.767480 0.239172 0.075604 0.092307
