0 0.399601 0.562271 0.119544 0.144068
0 0.233438 0.569060 0.038608 0.123505
0 0.880997 0.222521 0.039196 0.133436
0 0.864985 0.068906 0.073830 0.095371
35 0.415687 0.733391 0.100479 0.043467
0 0.344547 0.310025 0.038432 0.132416
45 0.597957 0.268497 0.038432 0.132416
0 0.194900 0.743238 0.169433 0.309670
1 0.542041 0.695860 0.076123 0.098433
55 0.743474 0.507598 0.257530 0.176764
0 0.794231 0.236437 0.039196 0.133436
0 0.706106 0.250578 0.039196 0.133436
33 0.071502 0.348352 0.039961 0.134457
20 0.417813 0.136086 0.073830 0.095371
0 0.164935 0.343012 0.039196 0.133436
0 0.776351 0.081288 0.073830 0.095371
0 0.761472 0.678862 0.100479 0.043467
9 0.057317 0.195818 0.073830 0.095371
0 0.524244 0.277945 0.038432 0.132416
0 0.144850 0.179009 0.073830 0.095371
0 0.597801 0.114560 0.073830 0.095371
0 0.510656 0.124390 0.073830 0.095371
0 0.235867 0.162545 0.073830 0.095371
6 0.899136 0.636691 0.067117 0.088001
22 0.329901 0.148808 0.073830 0.095371
0 0.433735 0.296169 0.039196 0.133436
0 0.254297 0.323596 0.038432 0.132416
0 0.685931 0.093043 0.073830 0.095371
