0 0.390544 0.531138 0.119156 0.144705
0 0.225818 0.486773 0.037305 0.125813
0 0.922394 0.340826 0.037751 0.135999
0 0.932847 0.182879 0.073492 0.095939
0 0.377378 0.708454 0.101340 0.041883
0 0.379394 0.262929 0.036990 0.134971
0 0.638615 0.300853 0.036990 0.134971
0 0.158160 0.648419 0.167270 0.313453
0 0.507961 0.708037 0.075774 0.099021
0 0.738373 0.582484 0.258737 0.174489
41 0.838506 0.327128 0.038511 0.137026
0 0.745448 0.314961 0.037751 0.135999
0 0.104820 0.220960 0.037751 0.135999
0 0.482668 0.115705 0.073492 0.095939
31 0.197935 0.236898 0.036990 0.134971
0 0.843484 0.167940 0.073492 0.095939
37 0.726865 0.758623 0.101340 0.041883
0 0.116141 0.060785 0.073492 0.095939
0 0.561758 0.286265 0.036990 0.134971
0 0.205174 0.070974 0.073492 0.095939
16 0.660252 0.146833 0.073492 0.095939
0 0.574585 0.129123 0.073492 0.095939
24 0.297723 0.080719 0.073492 0.095939
0 0.870335 0.758140 0.066790 0.088553
21 0.391584 0.100524 0.073492 0.095939
0 0.469554 0.276569 0.037751 0.135999
0 0.288238 0.248678 0.036990 0.134971
0 0.752472 0.151828 0.073492 0.095939
