54 0.396722 0.503831 0.121879 0.139528
0 0.251182 0.435529 0.047915 0.108191
0 0.904402 0.450064 0.049530 0.116437
7 0.934392 0.322696 0.076165 0.091480
0 0.363550 0.649367 0.094176 0.053741
0 0.417705 0.279405 0.048737 0.115463
45 0.652256 0.363107 0.048737 0.115463
0 0.170419 0.556706 0.184764 0.284366
0 0.482843 0.674490 0.078542 0.094403
56 0.707987 0.615059 0.248553 0.191310
0 0.825749 0.422273 0.049530 0.116437
0 0.745860 0.394052 0.049530 0.116437
0 0.171903 0.190966 0.049530 0.116437
0 0.529297 0.177163 0.076165 0.091480
0 0.253743 0.225198 0.049530 0.116437
0 0.852645 0.290957 0.076165 0.091480
37 0.676796 0.759235 0.094176 0.053741
10 0.201048 0.060023 0.076165 0.091480
47 0.579813 0.332967 0.048737 0.115463
0 0.281153 0.085858 0.076165 0.091480
0 0.689523 0.237453 0.076165 0.091480
0 0.611656 0.206244 0.076165 0.091480
24 0.364520 0.112009 0.076165 0.091480
0 0.807863 0.786815 0.069383 0.084229
0 0.448476 0.145747 0.076165 0.091480
0 0.498432 0.308328 0.049530 0.116437
29 0.336138 0.249780 0.048737 0.115463
0 0.771428 0.259813 0.076165 0.091480
