53 0.407848 0.568165 0.121385 0.141405
0 0.249399 0.591042 0.044043 0.114187
39 0.846912 0.206295 0.046012 0.124087
0 0.822170 0.068946 0.075179 0.092972
0 0.434508 0.722947 0.096770 0.049657
0 0.339514 0.343464 0.044451 0.122102
45 0.584675 0.279119 0.044451 0.122102
0 0.223395 0.753693 0.178362 0.294220
0 0.552401 0.673877 0.077521 0.095948
56 0.733298 0.481191 0.252221 0.185470
41 0.761613 0.231136 0.044451 0.122102
43 0.681830 0.252772 0.044451 0.122102
33 0.080798 0.407211 0.046012 0.124087
20 0.398741 0.177360 0.075179 0.092972
0 0.169812 0.392476 0.045231 0.123094
0 0.738184 0.089585 0.075179 0.092972
0 0.761176 0.635215 0.096770 0.049657
0 0.057734 0.269835 0.075179 0.092972
0 0.509353 0.295270 0.044451 0.122102
0 0.140391 0.245283 0.075179 0.092972
15 0.570987 0.137490 0.075179 0.092972
0 0.486794 0.156902 0.075179 0.092972
0 0.226402 0.220676 0.075179 0.092972
0 0.890698 0.581282 0.068427 0.085678
0 0.315351 0.199547 0.075179 0.092972
0 0.423938 0.321425 0.045231 0.123094
0 0.254056 0.365356 0.044451 0.122102
13 0.651645 0.113052 0.075179 0.092972
