53 0.415797 0.572565 0.122914 0.139148
0 0.264574 0.610370 0.049302 0.106128
39 0.814452 0.192623 0.051865 0.115116
7 0.783627 0.068910 0.076529 0.090953
0 0.452075 0.712458 0.093270 0.055120
0 0.334560 0.372606 0.050271 0.113179
0 0.563941 0.287599 0.050271 0.113179
0 0.250609 0.763072 0.187076 0.280952
0 0.562403 0.654782 0.078919 0.093858
0 0.723674 0.458052 0.247292 0.193256
0 0.736963 0.222156 0.051068 0.114148
43 0.657693 0.249927 0.051865 0.115116
0 0.091112 0.461281 0.051068 0.114148
20 0.380326 0.213216 0.076529 0.090953
0 0.174272 0.435693 0.051068 0.114148
11 0.702828 0.091990 0.076529 0.090953
0 0.761074 0.597117 0.093270 0.055120
0 0.057824 0.334443 0.076529 0.090953
47 0.497050 0.310312 0.050271 0.113179
25 0.135103 0.305394 0.076529 0.090953
0 0.542359 0.159601 0.076529 0.090953
0 0.463834 0.185067 0.076529 0.090953
24 0.216728 0.269851 0.076529 0.090953
5 0.882704 0.532763 0.069735 0.083719
0 0.301432 0.242467 0.076529 0.090953
49 0.411861 0.342334 0.051865 0.115116
29 0.253652 0.401803 0.050271 0.113179
0 0.620355 0.124206 0.076529 0.090953
