54 0.388182 0.543478 0.117490 0.147303
0 0.214710 0.512445 0.032680 0.134710
0 0.930306 0.286001 0.032616 0.145873
7 0.935543 0.115253 0.072336 0.098224
0 0.383394 0.738173 0.104481 0.035964
0 0.362659 0.254546 0.031869 0.144819
0 0.633683 0.270362 0.031869 0.144819
52 0.154501 0.601400 0.159659 0.328196
0 0.518924 0.724958 0.074577 0.101388
56 0.751668 0.566205 0.263218 0.166153
0 0.838525 0.280653 0.032616 0.145873
0 0.745304 0.275229 0.032616 0.145873
33 0.074517 0.231720 0.033363 0.146928
0 0.462317 0.084704 0.072336 0.098224
0 0.172135 0.248064 0.032616 0.145873
11 0.842190 0.101169 0.072336 0.098224
37 0.748747 0.758453 0.104481 0.035964
9 0.079033 0.060933 0.072336 0.098224
47 0.551022 0.260914 0.031869 0.144819
0 0.171975 0.063288 0.072336 0.098224
0 0.650079 0.100202 0.072336 0.098224
0 0.558418 0.090280 0.072336 0.098224
23 0.268436 0.068883 0.072336 0.098224
0 0.897650 0.743908 0.065668 0.090767
0 0.367390 0.075627 0.072336 0.098224
0 0.456946 0.260535 0.032616 0.145873
0 0.267304 0.247992 0.031869 0.144819
0 0.744235 0.097532 0.072336 0.098224
