0 0.395484 0.559510 0.118726 0.145486
0 0.225524 0.557101 0.035854 0.128497
39 0.897856 0.230065 0.036897 0.140013
0 0.886373 0.069105 0.073117 0.096623
35 0.406550 0.739776 0.102301 0.040088
0 0.347151 0.291984 0.035384 0.137942
0 0.610179 0.263625 0.035384 0.137942
0 0.180693 0.737442 0.164863 0.317892
0 0.536807 0.707683 0.075386 0.099730
0 0.748487 0.521919 0.260086 0.171952
0 0.808841 0.240633 0.036141 0.138978
0 0.718371 0.250402 0.036141 0.138978
0 0.068293 0.320211 0.036141 0.138978
20 0.427451 0.113883 0.073117 0.096623
31 0.163098 0.312357 0.035384 0.137942
0 0.795439 0.077002 0.073117 0.096623
0 0.761503 0.702446 0.102301 0.040088
0 0.057307 0.155824 0.073117 0.096623
0 0.531729 0.268662 0.035384 0.137942
0 0.147254 0.143225 0.073117 0.096623
0 0.611995 0.101640 0.073117 0.096623
17 0.523592 0.110694 0.073117 0.096623
0 0.240751 0.131186 0.073117 0.096623
0 0.904099 0.665103 0.066427 0.089216
0 0.336981 0.123653 0.073117 0.096623
0 0.438697 0.282574 0.036141 0.138978
0 0.254528 0.301034 0.035384 0.137942
0 0.702701 0.084139 0.073117 0.096623
