53 0.394079 0.513865 0.121482 0.141334
0 0.242466 0.452027 0.044284 0.113844
39 0.910467 0.415739 0.044717 0.121722
0 0.932656 0.276455 0.075256 0.092901
35 0.368233 0.666638 0.096640 0.049918
0 0.404569 0.274138 0.044717 0.121722
0 0.646087 0.342000 0.044717 0.121722
0 0.166186 0.586205 0.178788 0.293681
0 0.491448 0.685257 0.077601 0.095875
55 0.718420 0.604561 0.252067 0.185868
41 0.832557 0.391702 0.046280 0.123705
0 0.745743 0.368621 0.045498 0.122713
0 0.148884 0.200664 0.045498 0.122713
20 0.512205 0.154146 0.075256 0.092901
31 0.235462 0.227090 0.044717 0.121722
11 0.852485 0.247957 0.075256 0.092901
37 0.693970 0.758998 0.096640 0.049918
0 0.171925 0.060335 0.075256 0.092901
0 0.574737 0.318919 0.044717 0.121722
0 0.255096 0.081133 0.075256 0.092901
0 0.680126 0.208115 0.075256 0.092901
17 0.599048 0.184910 0.075256 0.092901
0 0.341339 0.103630 0.075256 0.092901
0 0.829300 0.777545 0.068501 0.085608
0 0.429131 0.130818 0.075256 0.092901
49 0.490435 0.300794 0.044717 0.121722
29 0.319708 0.249463 0.044717 0.121722
14 0.766731 0.222610 0.075256 0.092901
