0 0.397382 0.500486 0.122708 0.138816
0 0.255478 0.427753 0.049719 0.105472
0 0.901364 0.466706 0.051532 0.113420
0 0.932450 0.341858 0.076622 0.090770
0 0.361197 0.640323 0.092964 0.055527
27 0.424797 0.281005 0.050734 0.112454
45 0.649663 0.369099 0.050734 0.112454
0 0.172487 0.542729 0.187742 0.279840
1 0.478577 0.669324 0.079015 0.093668
0 0.702836 0.619977 0.246834 0.193803
0 0.824257 0.436649 0.051532 0.113420
0 0.745940 0.406126 0.051532 0.113420
0 0.183280 0.186508 0.051532 0.113420
0 0.537215 0.186628 0.076622 0.090770
0 0.263375 0.222961 0.051532 0.113420
11 0.857296 0.306901 0.076622 0.090770
0 0.668302 0.759238 0.092964 0.055527
0 0.215453 0.060059 0.076622 0.090770
0 0.584845 0.341750 0.050734 0.112454
0 0.294045 0.088266 0.076622 0.090770
16 0.692490 0.251591 0.076622 0.090770
0 0.617955 0.218083 0.076622 0.090770
0 0.375472 0.118371 0.076622 0.090770
0 0.797269 0.791080 0.069826 0.083542
22 0.458648 0.151974 0.076622 0.090770
0 0.503336 0.313228 0.051532 0.113420
0 0.344264 0.250034 0.050734 0.112454
0 0.774657 0.276331 0.076622 0.090770
