0 0.408650 0.567782 0.121266 0.141075
0 0.250870 0.593110 0.044599 0.113327
39 0.843699 0.204828 0.046630 0.123129
7 0.820529 0.069486 0.075344 0.092757
0 0.436290 0.721828 0.096444 0.050242
0 0.338948 0.346579 0.045065 0.121150
0 0.580141 0.279915 0.045065 0.121150
0 0.226094 0.754700 0.179321 0.292806
0 0.553448 0.671837 0.077692 0.095726
0 0.732392 0.478716 0.251804 0.186306
41 0.765470 0.226014 0.046630 0.123129
0 0.679206 0.251162 0.045847 0.122139
0 0.083069 0.415680 0.045847 0.122139
0 0.398912 0.183573 0.075344 0.092757
31 0.170084 0.400515 0.046630 0.123129
0 0.734512 0.090317 0.075344 0.092757
0 0.761258 0.631142 0.096444 0.050242
0 0.057586 0.276742 0.075344 0.092757
0 0.507885 0.296870 0.045065 0.121150
26 0.140720 0.249078 0.075344 0.092757
0 0.566749 0.140970 0.075344 0.092757
17 0.485640 0.162966 0.075344 0.092757
0 0.225349 0.226090 0.075344 0.092757
0 0.889972 0.576198 0.068586 0.085469
0 0.313855 0.204133 0.075344 0.092757
0 0.422937 0.323771 0.045847 0.122139
29 0.253927 0.369253 0.045065 0.121150
0 0.649206 0.111372 0.075344 0.092757
