0 0.391116 0.556449 0.117905 0.147066
0 0.217104 0.543837 0.032969 0.134040
0 0.915848 0.240438 0.032938 0.145132
0 0.909008 0.069305 0.072392 0.098018
0 0.397325 0.748871 0.104252 0.036341
0 0.349838 0.271959 0.032190 0.144080
0 0.620125 0.257700 0.032190 0.144080
0 0.165638 0.731023 0.160109 0.327028
0 0.531312 0.720810 0.074635 0.101174
0 0.753845 0.537806 0.262864 0.166621
0 0.824317 0.245275 0.032938 0.145132
0 0.731350 0.250196 0.032938 0.145132
0 0.063343 0.285140 0.032938 0.145132
0 0.439465 0.092665 0.072392 0.098018
0 0.160091 0.286577 0.032938 0.145132
0 0.815623 0.072226 0.072392 0.098018
37 0.761625 0.728619 0.104252 0.036341
0 0.057146 0.111440 0.072392 0.098018
47 0.537432 0.257467 0.032190 0.144080
26 0.151025 0.100900 0.072392 0.098018
0 0.626967 0.087286 0.072392 0.098018
0 0.535302 0.087577 0.072392 0.098018
0 0.245801 0.096379 0.072392 0.098018
5 0.909519 0.696710 0.065724 0.090569
22 0.344914 0.092618 0.072392 0.098018
0 0.443897 0.267481 0.032938 0.145132
0 0.254689 0.275995 0.032190 0.144080
0 0.720413 0.074242 0.072392 0.098018
