0 0.407346 0.567014 0.121019 0.141463
0 0.248358 0.589792 0.043737 0.114706
0 0.849193 0.208005 0.044891 0.123671
0 0.824830 0.068974 0.075127 0.093101
35 0.432806 0.722061 0.097026 0.049303
0 0.339752 0.341584 0.044111 0.122677
0 0.583109 0.278446 0.044111 0.122677
0 0.221602 0.753084 0.177901 0.295074
0 0.551807 0.675108 0.077467 0.096082
0 0.733989 0.482686 0.252631 0.184965
0 0.766782 0.229393 0.044891 0.123671
0 0.683079 0.251122 0.044891 0.123671
0 0.081594 0.406923 0.044891 0.123671
0 0.401918 0.177501 0.075127 0.093101
0 0.169398 0.389686 0.044891 0.123671
0 0.740536 0.089144 0.075127 0.093101
37 0.761292 0.637675 0.097026 0.049303
0 0.057542 0.265665 0.075127 0.093101
0 0.510239 0.294304 0.044111 0.122677
0 0.140519 0.241552 0.075127 0.093101
15 0.572699 0.136151 0.075127 0.093101
0 0.488204 0.155087 0.075127 0.093101
0 0.226859 0.217407 0.075127 0.093101
6 0.890870 0.585347 0.068375 0.085803
0 0.316131 0.196778 0.075127 0.093101
0 0.424490 0.320009 0.044891 0.123671
0 0.253977 0.363004 0.044111 0.122677
0 0.654493 0.108919 0.075127 0.093101
