0 0.395978 0.506129 0.122027 0.139860
0 0.249443 0.438639 0.047235 0.109186
39 0.905539 0.444312 0.047982 0.116567
0 0.932650 0.312636 0.076013 0.091695
35 0.364389 0.654468 0.094675 0.053000
27 0.414605 0.279593 0.047982 0.116567
0 0.649263 0.357931 0.047982 0.116567
0 0.169513 0.562173 0.183675 0.285948
1 0.484484 0.676402 0.078385 0.094627
0 0.710043 0.613040 0.249298 0.190192
0 0.826430 0.416664 0.048773 0.117544
0 0.745909 0.389370 0.048773 0.117544
0 0.167405 0.192940 0.048773 0.117544
20 0.525282 0.170450 0.076013 0.091695
31 0.251241 0.223404 0.047982 0.116567
0 0.852154 0.283700 0.076013 0.091695
0 0.680132 0.759050 0.094675 0.053000
9 0.195391 0.060319 0.076013 0.091695
0 0.580223 0.331581 0.047982 0.116567
0 0.276106 0.085201 0.076013 0.091695
0 0.687781 0.232127 0.076013 0.091695
0 0.609261 0.201787 0.076013 0.091695
23 0.359428 0.113431 0.076013 0.091695
0 0.812053 0.784933 0.069234 0.084441
0 0.444761 0.143156 0.076013 0.091695
49 0.494781 0.303882 0.049564 0.118521
0 0.332948 0.249856 0.047982 0.116567
14 0.772103 0.251198 0.076013 0.091695
