0 0.417213 0.572512 0.122909 0.138555
0 0.267360 0.613699 0.050281 0.104654
0 0.808672 0.191122 0.052154 0.112513
0 0.773660 0.068784 0.076787 0.090548
0 0.455323 0.710497 0.092632 0.056047
0 0.333626 0.377792 0.051354 0.111550
0 0.560610 0.289228 0.051354 0.111550
0 0.255622 0.764569 0.188708 0.278465
0 0.564262 0.651344 0.079187 0.093438
0 0.721915 0.454015 0.246405 0.194514
0 0.731807 0.221120 0.052154 0.112513
43 0.654132 0.253044 0.051354 0.111550
0 0.092699 0.470264 0.052154 0.112513
0 0.379101 0.221614 0.076787 0.090548
31 0.174875 0.440174 0.051354 0.111550
0 0.694894 0.097927 0.076787 0.090548
0 0.761083 0.590376 0.092632 0.056047
0 0.057795 0.345875 0.076787 0.090548
0 0.492385 0.312996 0.051354 0.111550
0 0.134970 0.313344 0.076787 0.090548
0 0.537334 0.163453 0.076787 0.090548
0 0.459579 0.190187 0.076787 0.090548
0 0.215354 0.280348 0.076787 0.090548
0 0.880765 0.525367 0.069985 0.083328
0 0.298834 0.250145 0.076787 0.090548
49 0.415299 0.348303 0.051354 0.111550
29 0.253552 0.408255 0.051354 0.111550
13 0.613913 0.129954 0.076787 0.090548
