0 0.397624 0.560937 0.119100 0.144750
0 0.229665 0.563283 0.037246 0.125914
0 0.889131 0.226631 0.037687 0.136110
7 0.877831 0.070068 0.073454 0.095974
35 0.412223 0.740100 0.101333 0.041835
27 0.346116 0.299869 0.036927 0.135083
0 0.605331 0.266384 0.036927 0.135083
0 0.188063 0.740435 0.167135 0.313636
0 0.539465 0.701567 0.075734 0.099058
55 0.745836 0.514514 0.258685 0.174438
0 0.801269 0.238467 0.037687 0.136110
0 0.712029 0.250497 0.037687 0.136110
33 0.072103 0.340135 0.036927 0.135083
0 0.424530 0.128387 0.073454 0.095974
0 0.163932 0.330096 0.037687 0.136110
0 0.785586 0.079224 0.073454 0.095974
0 0.761390 0.690249 0.101333 0.041835
0 0.057476 0.176507 0.073454 0.095974
0 0.527897 0.273465 0.036927 0.135083
0 0.146157 0.161732 0.073454 0.095974
0 0.604708 0.108326 0.073454 0.095974
0 0.516525 0.115971 0.073454 0.095974
0 0.238354 0.147406 0.073454 0.095974
0 0.901720 0.649883 0.066755 0.088587
0 0.333318 0.137398 0.073454 0.095974
49 0.433598 0.287615 0.038447 0.137138
29 0.254501 0.312702 0.036927 0.135083
13 0.692938 0.092202 0.073454 0.095974
