0 0.387271 0.548554 0.117433 0.148063
0 0.211594 0.520302 0.031332 0.137380
39 0.932463 0.268256 0.031863 0.149901
0 0.932980 0.092534 0.071978 0.098884
0 0.385173 0.747178 0.105354 0.034136
0 0.357866 0.252079 0.030377 0.147776
0 0.632212 0.261118 0.030377 0.147776
51 0.150776 0.803889 0.157405 0.332577
1 0.522088 0.730049 0.074205 0.102072
0 0.755427 0.561192 0.264425 0.163532
0 0.839543 0.266246 0.031120 0.148838
43 0.745207 0.261068 0.031863 0.149901
0 0.067151 0.240508 0.031120 0.148838
19 0.458218 0.079078 0.071978 0.098884
31 0.164284 0.254627 0.031863 0.149901
0 0.838279 0.087347 0.071978 0.098884
37 0.754991 0.758296 0.105354 0.034136
10 0.068445 0.061157 0.071978 0.098884
0 0.550650 0.254724 0.030377 0.147776
0 0.162485 0.061112 0.071978 0.098884
15 0.648403 0.085302 0.071978 0.098884
17 0.554397 0.082741 0.071978 0.098884
0 0.260156 0.062209 0.071978 0.098884
6 0.904672 0.740473 0.065322 0.091408
22 0.360693 0.067034 0.071978 0.098884
49 0.450800 0.253047 0.031863 0.149901
29 0.261330 0.247885 0.030377 0.147776
14 0.743277 0.077458 0.071978 0.098884
