53 0.397426 0.499384 0.123295 0.138630
0 0.257283 0.424338 0.050545 0.104326
0 0.900191 0.473945 0.052447 0.112147
0 0.932626 0.350972 0.076860 0.090494
0 0.360086 0.636435 0.092465 0.056326
0 0.427069 0.283034 0.051646 0.111184
45 0.655024 0.376443 0.051646 0.111184
0 0.173261 0.536654 0.189154 0.277972
0 0.476667 0.667135 0.079262 0.093382
0 0.700633 0.622164 0.246179 0.194961
0 0.823739 0.442889 0.052447 0.112147
0 0.746086 0.411352 0.052447 0.112147
33 0.188306 0.187699 0.051646 0.111184
0 0.540760 0.190637 0.076860 0.090494
31 0.268961 0.219237 0.051646 0.111184
0 0.855074 0.317871 0.076860 0.090494
0 0.664593 0.759335 0.092465 0.056326
0 0.221743 0.059913 0.076860 0.090494
0 0.586377 0.344907 0.051646 0.111184
0 0.299696 0.089164 0.076860 0.090494
0 0.696365 0.257442 0.076860 0.090494
0 0.620814 0.223137 0.076860 0.090494
0 0.380451 0.120341 0.076860 0.090494
0 0.792682 0.793046 0.070054 0.083274
0 0.462307 0.155971 0.076860 0.090494
0 0.505522 0.315294 0.052447 0.112147
0 0.347815 0.250053 0.051646 0.111184
13 0.774319 0.285490 0.076860 0.090494
