54 0.404008 0.564082 0.119995 0.142528
0 0.241851 0.580872 0.041455 0.118509
39 0.863241 0.215084 0.041585 0.126886
0 0.842466 0.068896 0.074527 0.094089
0 0.425817 0.728613 0.098519 0.046795
27 0.341765 0.329334 0.041585 0.126886
0 0.590883 0.274333 0.041585 0.126886
51 0.220819 0.827374 0.174096 0.301394
1 0.547472 0.684067 0.076846 0.097106
0 0.738100 0.493415 0.254708 0.181453
41 0.775356 0.234488 0.041585 0.126886
43 0.692969 0.249141 0.043131 0.128897
0 0.077880 0.383174 0.042358 0.127891
20 0.407816 0.158228 0.074527 0.094089
31 0.167329 0.373153 0.043131 0.128897
0 0.756283 0.085714 0.074527 0.094089
0 0.761280 0.655432 0.098519 0.046795
0 0.057597 0.235551 0.074527 0.094089
0 0.516426 0.287234 0.041585 0.126886
25 0.141518 0.217023 0.074527 0.094089
0 0.582944 0.127522 0.074527 0.094089
0 0.498132 0.141825 0.074527 0.094089
24 0.230712 0.192024 0.074527 0.094089
0 0.894936 0.606468 0.067795 0.086760
21 0.322026 0.178054 0.074527 0.094089
0 0.428603 0.309719 0.042358 0.127891
29 0.254204 0.346013 0.041585 0.126886
0 0.668336 0.102036 0.074527 0.094089
