0 0.390732 0.530223 0.119250 0.144567
0 0.226628 0.484992 0.037640 0.125234
0 0.921814 0.344575 0.038123 0.135356
8 0.930535 0.185841 0.073575 0.095809
35 0.376749 0.704558 0.101111 0.042306
0 0.380611 0.263438 0.037361 0.134330
45 0.636300 0.301576 0.037361 0.134330
52 0.164740 0.560562 0.167820 0.312526
0 0.507166 0.706927 0.075860 0.098887
0 0.737405 0.583636 0.258408 0.175118
41 0.830433 0.332048 0.037361 0.134330
0 0.745455 0.317657 0.038123 0.135356
0 0.106955 0.219847 0.038123 0.135356
0 0.484146 0.117738 0.073575 0.095809
0 0.198765 0.239923 0.038123 0.135356
0 0.843766 0.172122 0.073575 0.095809
37 0.725273 0.758711 0.101111 0.042306
10 0.118840 0.060644 0.073575 0.095809
0 0.562382 0.287878 0.037361 0.134330
0 0.207588 0.071379 0.073575 0.095809
0 0.662913 0.149221 0.073575 0.095809
0 0.575758 0.131702 0.073575 0.095809
0 0.299693 0.083545 0.073575 0.095809
0 0.868347 0.759203 0.066871 0.088426
0 0.393826 0.100688 0.073575 0.095809
0 0.470469 0.277613 0.038123 0.135356
0 0.289761 0.248650 0.037361 0.134330
0 0.753066 0.155485 0.073575 0.095809
