0 0.411022 0.569129 0.121690 0.140361
0 0.255454 0.598969 0.046149 0.110862
39 0.833948 0.200717 0.048356 0.120386
7 0.808246 0.069350 0.075723 0.092131
0 0.441531 0.718610 0.095376 0.051894
27 0.337601 0.354178 0.046782 0.118422
0 0.574759 0.282559 0.046782 0.118422
52 0.219208 0.685841 0.181858 0.288733
1 0.556405 0.666012 0.078085 0.095077
0 0.729462 0.471689 0.250265 0.188644
0 0.753768 0.226194 0.047569 0.119404
43 0.672487 0.252850 0.046782 0.118422
0 0.085807 0.431205 0.047569 0.119404
19 0.395620 0.196644 0.075723 0.092131
31 0.171578 0.413580 0.048356 0.120386
0 0.723580 0.092473 0.075723 0.092131
37 0.761151 0.619549 0.095376 0.051894
10 0.057743 0.296402 0.075723 0.092131
47 0.501580 0.301257 0.046782 0.118422
0 0.138552 0.269059 0.075723 0.092131
0 0.558657 0.147357 0.075723 0.092131
0 0.477609 0.168515 0.075723 0.092131
23 0.222982 0.243088 0.075723 0.092131
0 0.887355 0.561741 0.068954 0.084862
0 0.309772 0.217215 0.075723 0.092131
0 0.420143 0.330467 0.047569 0.119404
0 0.253880 0.380344 0.046782 0.118422
13 0.638914 0.118934 0.075723 0.092131
