54 0.417165 0.571726 0.122607 0.138434
3 0.270021 0.611839 0.051776 0.107187
0 0.808676 0.191127 0.052153 0.112513
8 0.771262 0.068534 0.076787 0.090547
35 0.456017 0.711828 0.092632 0.056046
0 0.333627 0.377789 0.051353 0.111550
0 0.560613 0.289229 0.051353 0.111550
0 0.255619 0.764565 0.188706 0.278464
1 0.564260 0.651345 0.079186 0.093437
0 0.721916 0.454019 0.246405 0.194510
41 0.734825 0.218726 0.052953 0.113476
0 0.653740 0.251596 0.052153 0.112513
33 0.091005 0.467713 0.052953 0.113476
0 0.379104 0.221612 0.076787 0.090547
0 0.175065 0.443308 0.052153 0.112513
0 0.694899 0.097930 0.076787 0.090547
0 0.761082 0.590381 0.092632 0.056046
0 0.057797 0.345867 0.076787 0.090547
47 0.490383 0.312985 0.051353 0.111550
0 0.134973 0.313337 0.076787 0.090547
0 0.537339 0.163454 0.076787 0.090547
18 0.458190 0.187524 0.076787 0.090547
24 0.214962 0.278892 0.076787 0.090547
0 0.880764 0.525374 0.069984 0.083327
0 0.298837 0.250141 0.076787 0.090547
49 0.410098 0.346342 0.052953 0.113476
29 0.253553 0.408251 0.051353 0.111550
13 0.613917 0.129956 0.076787 0.090547
