0 0.412573 0.569986 0.121974 0.139889
0 0.258449 0.602719 0.047169 0.109270
0 0.827737 0.198878 0.048701 0.117637
0 0.797775 0.068874 0.075976 0.091720
0 0.444966 0.716523 0.094680 0.052950
0 0.336579 0.361164 0.047911 0.116659
0 0.571233 0.284277 0.047911 0.116659
0 0.239610 0.759293 0.183533 0.286091
0 0.558349 0.662257 0.078347 0.094652
0 0.727553 0.467183 0.249268 0.190127
0 0.748274 0.224921 0.048701 0.117637
0 0.667566 0.251379 0.048701 0.117637
33 0.089185 0.443943 0.047911 0.116659
0 0.389934 0.201356 0.075976 0.091720
31 0.172540 0.421972 0.049491 0.118614
0 0.716420 0.093896 0.075976 0.091720
0 0.761095 0.612098 0.094680 0.052950
0 0.057822 0.309038 0.075976 0.091720
0 0.500833 0.304413 0.047911 0.116659
26 0.138543 0.278034 0.075976 0.091720
16 0.551962 0.152779 0.075976 0.091720
0 0.473133 0.174069 0.075976 0.091720
0 0.220891 0.251443 0.075976 0.091720
0 0.885660 0.552457 0.069200 0.084464
0 0.307083 0.225637 0.075976 0.091720
49 0.420903 0.335980 0.047911 0.116659
0 0.253835 0.387473 0.047911 0.116659
0 0.633341 0.118666 0.075976 0.091720
