54 0.391886 0.524918 0.119395 0.143636
0 0.230529 0.476453 0.039289 0.122275
39 0.918982 0.363706 0.039186 0.131054
7 0.935047 0.212394 0.073998 0.095049
35 0.374630 0.694720 0.100012 0.044275
27 0.387010 0.264943 0.039186 0.131054
0 0.640745 0.313046 0.039186 0.131054
51 0.152761 0.712072 0.170551 0.307622
0 0.503273 0.701299 0.076297 0.098100
0 0.732722 0.589051 0.256859 0.177891
41 0.836838 0.346282 0.040720 0.133088
43 0.745729 0.329080 0.040720 0.133088
0 0.117309 0.214897 0.039953 0.132071
19 0.492742 0.131487 0.073998 0.095049
0 0.207533 0.237415 0.039953 0.132071
0 0.845225 0.192684 0.073998 0.095049
0 0.717538 0.758768 0.100012 0.044275
0 0.131958 0.060594 0.073998 0.095049
0 0.565447 0.295934 0.039186 0.131054
0 0.219332 0.073935 0.073998 0.095049
16 0.665410 0.165096 0.073998 0.095049
0 0.581512 0.144622 0.073998 0.095049
0 0.309993 0.088776 0.073998 0.095049
0 0.858705 0.763936 0.067280 0.087690
21 0.402088 0.109804 0.073998 0.095049
0 0.474942 0.282945 0.039953 0.132071
29 0.297162 0.248878 0.039186 0.131054
14 0.757703 0.170650 0.073998 0.095049
