54 0.396248 0.505798 0.121622 0.139936
3 0.246012 0.439127 0.045616 0.106897
0 0.905836 0.441919 0.048570 0.117916
8 0.930560 0.308619 0.075942 0.091829
0 0.364682 0.653796 0.094751 0.052868
0 0.414600 0.278137 0.047780 0.116937
0 0.649029 0.356947 0.047780 0.116937
0 0.169446 0.563547 0.183331 0.286584
0 0.484883 0.677020 0.078312 0.094765
0 0.710440 0.612654 0.249363 0.190092
0 0.826446 0.415237 0.048570 0.117916
43 0.745477 0.389687 0.047780 0.116937
0 0.166479 0.193143 0.048570 0.117916
0 0.525509 0.172526 0.075942 0.091829
0 0.249150 0.226288 0.048570 0.117916
12 0.848863 0.284897 0.075942 0.091829
0 0.680849 0.759237 0.094751 0.052868
0 0.194175 0.059998 0.075942 0.091829
0 0.579883 0.330758 0.047780 0.116937
0 0.274999 0.084673 0.075942 0.091829
0 0.687279 0.230604 0.075942 0.091829
18 0.608681 0.197151 0.075942 0.091829
0 0.358773 0.111151 0.075942 0.091829
0 0.812915 0.784733 0.069167 0.084567
0 0.443896 0.142213 0.075942 0.091829
49 0.497853 0.308580 0.047780 0.116937
0 0.332260 0.249651 0.047780 0.116937
0 0.769870 0.251727 0.075942 0.091829
