0 0.419095 0.573492 0.123269 0.138034
3 0.268373 0.619860 0.050008 0.100361
0 0.800946 0.188112 0.053539 0.110521
0 0.763904 0.068754 0.077104 0.090091
0 0.459503 0.708154 0.091794 0.057250
27 0.332475 0.385441 0.052736 0.109563
0 0.556320 0.291153 0.052736 0.109563
51 0.281897 0.831136 0.190769 0.275499
0 0.566636 0.647102 0.079514 0.092965
0 0.719613 0.448899 0.245218 0.196216
0 0.725138 0.219646 0.053539 0.110521
43 0.647723 0.250264 0.054343 0.111479
0 0.094816 0.481566 0.053539 0.110521
0 0.374750 0.229487 0.077104 0.090091
0 0.176144 0.452883 0.053539 0.110521
0 0.686192 0.099497 0.077104 0.090091
0 0.761043 0.581936 0.091794 0.057250
0 0.057843 0.360188 0.077104 0.090091
0 0.488981 0.316333 0.052736 0.109563
0 0.133912 0.326155 0.077104 0.090091
16 0.529599 0.169438 0.077104 0.090091
0 0.454121 0.196453 0.077104 0.090091
0 0.213161 0.291580 0.077104 0.090091
0 0.878741 0.514842 0.070291 0.082885
21 0.295554 0.260856 0.077104 0.090091
0 0.410449 0.352199 0.053539 0.110521
0 0.253470 0.416330 0.052736 0.109563
0 0.606785 0.130158 0.077104 0.090091
