0 0.414032 0.570827 0.122252 0.139539
0 0.261258 0.606265 0.048135 0.107860
0 0.821749 0.196252 0.049773 0.116070
0 0.790213 0.068617 0.076221 0.091396
0 0.448205 0.714721 0.094030 0.053963
0 0.335676 0.366378 0.048980 0.115096
0 0.567909 0.285737 0.048980 0.115096
52 0.227830 0.692132 0.185127 0.283817
0 0.560187 0.658872 0.078600 0.094316
0 0.725767 0.462977 0.248346 0.191623
0 0.743105 0.223566 0.049773 0.116070
0 0.663230 0.251315 0.049773 0.116070
33 0.087594 0.447695 0.050566 0.117043
0 0.386566 0.207640 0.076221 0.091396
0 0.173333 0.426474 0.049773 0.116070
11 0.710948 0.090421 0.076221 0.091396
0 0.761061 0.605249 0.094030 0.053963
0 0.057865 0.320652 0.076221 0.091396
0 0.498196 0.307039 0.048980 0.115096
0 0.136901 0.290743 0.076221 0.091396
0 0.548345 0.155111 0.076221 0.091396
0 0.468906 0.179022 0.076221 0.091396
0 0.219195 0.260504 0.076221 0.091396
5 0.884527 0.542896 0.069437 0.084147
0 0.304531 0.233286 0.076221 0.091396
0 0.416564 0.338682 0.049773 0.116070
29 0.253775 0.394023 0.048980 0.115096
0 0.627421 0.121095 0.076221 0.091396
