53 0.393220 0.517957 0.120975 0.142117
3 0.235393 0.459927 0.041272 0.113789
0 0.913258 0.398241 0.043654 0.125715
7 0.934662 0.257192 0.074816 0.093593
35 0.370387 0.675635 0.097719 0.048114
27 0.398144 0.272775 0.042878 0.124715
0 0.644276 0.332725 0.042878 0.124715
0 0.164398 0.600215 0.176011 0.298158
0 0.495350 0.690401 0.077145 0.096592
0 0.723061 0.599602 0.253561 0.183325
0 0.830079 0.377546 0.043654 0.125715
0 0.745594 0.356532 0.043654 0.125715
0 0.138592 0.205203 0.043654 0.125715
0 0.506079 0.148014 0.074816 0.093593
31 0.226686 0.229272 0.042878 0.124715
11 0.850901 0.228955 0.074816 0.093593
0 0.701675 0.758938 0.097719 0.048114
0 0.158858 0.060395 0.074816 0.093593
0 0.571648 0.311553 0.042878 0.124715
0 0.243387 0.078807 0.074816 0.093593
0 0.675799 0.194141 0.074816 0.093593
18 0.593017 0.166143 0.074816 0.093593
23 0.330810 0.100536 0.074816 0.093593
0 0.838884 0.773204 0.068075 0.086279
21 0.419883 0.124843 0.074816 0.093593
0 0.484058 0.293266 0.043654 0.125715
0 0.312335 0.249263 0.042878 0.124715
0 0.761925 0.208589 0.074816 0.093593
