54 0.396780 0.503451 0.121971 0.139461
0 0.251496 0.434788 0.048100 0.107943
39 0.904437 0.450879 0.050527 0.117135
0 0.932640 0.322783 0.076234 0.091421
0 0.363283 0.648524 0.094096 0.053915
0 0.418283 0.279631 0.048941 0.115188
0 0.650193 0.362355 0.048941 0.115188
0 0.170497 0.555387 0.185107 0.283961
0 0.482438 0.674015 0.078614 0.094342
56 0.707579 0.615534 0.248480 0.191562
0 0.825723 0.423628 0.049734 0.116161
0 0.745953 0.395186 0.049734 0.116161
0 0.172851 0.190518 0.049734 0.116161
0 0.530046 0.178033 0.076234 0.091421
31 0.255879 0.222152 0.048941 0.115188
0 0.852915 0.292719 0.076234 0.091421
0 0.676065 0.759256 0.094096 0.053915
0 0.202289 0.059990 0.076234 0.091421
0 0.581833 0.335056 0.048941 0.115188
26 0.283955 0.084593 0.076234 0.091421
15 0.691744 0.238540 0.076234 0.091421
0 0.612283 0.207341 0.076234 0.091421
0 0.365178 0.113954 0.076234 0.091421
0 0.806982 0.787243 0.069448 0.084171
0 0.449352 0.146400 0.076234 0.091421
0 0.498890 0.308776 0.049734 0.116161
0 0.336839 0.249783 0.048941 0.115188
0 0.771824 0.261357 0.076234 0.091421
