0 0.396526 0.560257 0.118975 0.145142
0 0.227504 0.560291 0.036583 0.127200
0 0.893624 0.228702 0.036948 0.137538
8 0.878389 0.067846 0.073325 0.096313
35 0.409857 0.741822 0.101857 0.040995
0 0.346426 0.296728 0.036190 0.136506
0 0.607758 0.264986 0.036190 0.136506
52 0.177682 0.652769 0.166104 0.315781
0 0.538182 0.704590 0.075601 0.099409
0 0.747255 0.518120 0.259498 0.173270
0 0.805126 0.239459 0.036948 0.137538
0 0.715240 0.250392 0.036948 0.137538
0 0.069353 0.328564 0.036948 0.137538
19 0.428839 0.125858 0.073325 0.096313
0 0.163129 0.323326 0.036948 0.137538
12 0.788447 0.083070 0.073325 0.096313
37 0.761574 0.696228 0.101857 0.040995
10 0.057176 0.166369 0.073325 0.096313
0 0.529787 0.271075 0.036190 0.136506
25 0.145295 0.155184 0.073325 0.096313
16 0.606659 0.106144 0.073325 0.096313
17 0.520492 0.115177 0.073325 0.096313
0 0.239400 0.139431 0.073325 0.096313
0 0.903082 0.657323 0.066627 0.088914
0 0.335031 0.130625 0.073325 0.096313
0 0.437385 0.286135 0.036948 0.137538
0 0.254394 0.306982 0.036190 0.136506
0 0.698390 0.086409 0.073325 0.096313
