0 0.419647 0.573783 0.123353 0.137911
0 0.272059 0.619192 0.051878 0.102370
0 0.798683 0.187206 0.053927 0.109977
7 0.763454 0.068837 0.077182 0.089978
0 0.460708 0.707527 0.091539 0.057601
0 0.332150 0.386062 0.053123 0.109020
0 0.555081 0.291661 0.053123 0.109020
51 0.284107 0.831320 0.191329 0.274708
0 0.567306 0.645928 0.079595 0.092848
0 0.718917 0.447443 0.244838 0.196732
41 0.720258 0.221629 0.053123 0.109020
0 0.646514 0.251661 0.053927 0.109977
0 0.095488 0.484761 0.053927 0.109977
0 0.373524 0.231668 0.077182 0.089978
0 0.176506 0.455582 0.053927 0.109977
0 0.683667 0.099871 0.077182 0.089978
37 0.760989 0.579562 0.091539 0.057601
0 0.057928 0.364213 0.077182 0.089978
47 0.486020 0.317302 0.053123 0.109020
0 0.133669 0.329750 0.077182 0.089978
0 0.529017 0.169363 0.077182 0.089978
0 0.452564 0.198173 0.077182 0.089978
0 0.212578 0.294722 0.077182 0.089978
5 0.878477 0.510910 0.070368 0.082775
0 0.294624 0.262322 0.077182 0.089978
0 0.409819 0.353552 0.053927 0.109977
0 0.253487 0.418600 0.053123 0.109020
0 0.604578 0.131004 0.077182 0.089978
