0 0.392462 0.522000 0.120102 0.142992
0 0.234079 0.469156 0.040719 0.119781
0 0.916472 0.378343 0.041541 0.129302
8 0.930441 0.228436 0.074334 0.094426
35 0.372826 0.686373 0.099000 0.045968
0 0.391791 0.268544 0.040771 0.128293
0 0.642238 0.321655 0.040771 0.128293
51 0.153264 0.696833 0.172870 0.303518
0 0.499853 0.696548 0.076646 0.097454
56 0.728502 0.593698 0.255379 0.180306
41 0.835476 0.359813 0.042312 0.130312
43 0.745303 0.343854 0.040771 0.128293
33 0.127156 0.214287 0.040771 0.128293
20 0.496424 0.133358 0.074334 0.094426
0 0.215368 0.235202 0.041541 0.129302
11 0.849201 0.206281 0.074334 0.094426
0 0.710644 0.758885 0.099000 0.045968
9 0.143648 0.060434 0.074334 0.094426
47 0.566217 0.301473 0.040771 0.128293
0 0.229775 0.076004 0.074334 0.094426
0 0.670868 0.177459 0.074334 0.094426
0 0.586528 0.155557 0.074334 0.094426
24 0.319335 0.091390 0.074334 0.094426
0 0.850072 0.768049 0.067608 0.087085
0 0.410279 0.115103 0.074334 0.094426
0 0.478882 0.287440 0.041541 0.129302
0 0.303754 0.249005 0.040771 0.128293
0 0.758519 0.188876 0.074334 0.094426
